324 = [324, 277, 243, 171, 106, 68, 36];

325 = [114 151];

326 = [401, 397, 387, 382, 351, 342, 353, ...
       317, 279, 268, 244, 200, 181, 189, ...
       176, 154, 141, 134];

328 = [370, 335, 318, 177, 176, 147, 141];

329 = [602, 577, 552, 524, 488, 486, 429, 411, 382]; 

332 = [ 54  58  62  63  65  84  88  91  96  106 ...
        107 117 121 124 126 128 136 137 139 145 ...
        149 154 159 162 165 174 175 190 191 193 ...
        203 206 210 215 239 248 251 255 258 266 ...
        271 276 278 281 283 286 292 296 297 299 ...
	309 320 330 341 354 359 360 361 369 371 ...
	373 378 380 381 389 390 396 415 427 437 ...
	444 461 463 477 481 483 484 488 535 539 ...
	542 543 564 594 599 600 601 609 611 620 ...
        636 ]

333 = [ 44  51  62  66  70  81  96 100 123 162 
        208 213 224 233 266 272 282 293 307 318 
        326 328 337 352 377 379 384 404 409 413 
        419 421 426 429 434 440 445 446 460 468 
        477 488 498 522 530 552 553 557 560 586] ;

335 = [ 462, 405, 381, 362, 350, 340, 326, 268, ...
        261, 259, 258, 252, 251, 220, 211, 179, ...
        162, 152, 147, 141, 130, 123, 115, 92,  ...
        88, 81, 79, 75, 64, 63, 56, 25, 23]; 

336 = [599, 590, 587, 544, 540, 513, 510, 394, ...
       383, 310, 267, 245, 185, 174, 172, 89, ...
       74, 49];

337 = [405, 340, 259, 107];

340 = [733, 416, 413, 390, 377, 278, 261, 243, ...
       239, 223, 213, 199, 198, 191, 190, 189, ...
       186, 174, 170, 161, 154, 149, 146, 144, ...
       136, 111, 107, 106, 99,  91,  89,  84,  ...
       81,  77,  61,  56,  55,  54,  53,  42,  ...
       30,  20,  25,  16,  4,   1];

342 = [21,  40,  182, 198, 211, 226, 245, 315, ...
       372, 382, 407, 428, 437, 484, 490, 499, ...
       509, 529, 547, 560, 570, 577, 602, 603, ...
       604, 622, 637, 639, 640, 637, 639, 640];

345 = [36,  238, 248, 254, 264, 272, 291, 407, ...
       481, 494, 529, 561, 564, 567, 562];

346 = [5  8  60  81 89 128 131 141 155 164 258 ...
       267 278 354 377 387 415 417 428 464 471 ...
       475 476 488]; 

347 = only of auto rejection based on extreame vals

348 = [18  130 131 144 151 237 238 316 358 359 ...
       481 538 539 540 541 590];

349 = [74  86  99  106 134 125 138 139 164 272 ...
       313 314]; 

350 = [9   46  54  58  73  114 122 123 136 137 ...
       138 139 140 141 142 144 145 151 152 157 ...
       160 163 164 167 171 172 181 192 193 194 ...
       210 252 253 254 255 260 261 300 301 302 ...
       310 311 312 313 316 317 320 321 322 325 ...
       330 337 338 339 343 344 357 358 364 370 ...
       394 430];